NumberOfClasses: 6 
NumberOfVariables: 4 
NumberOfIteration: 30 
MaxError: 0.009318 
ClassCentroids:
Class1: (-5.506403, 0.219871, 20.955275, 28.705229)
Class2: (-9.646762, -4.293665, 37.699954, 31.470648)
Class3: (-5.159945, -0.416245, 9.563652, 38.612148)
Class4: (-7.656383, -1.415691, 66.111670, 19.743666)
Class5: (-7.644383, -1.670131, 7.010852, 50.007051)
Class6: (-9.202750, -2.215232, 5.125231, 64.611195)
PartitionCoefficient: 0.448398 
Entropy: 1.124739 
PayOff: 845794.415178 

