NumberOfClasses: 8 
NumberOfVariables: 4 
NumberOfIteration: 36 
MaxError: 0.008860 
ClassCentroids:
Class1: (-8.197009, -1.839228, 6.062803, 54.198544)
Class2: (-7.488997, -1.218096, 72.415723, 17.482604)
Class3: (-4.278209, 1.448302, 24.382802, 24.292829)
Class4: (-9.622391, -3.415569, 23.466324, 38.241842)
Class5: (-9.302117, -2.217360, 4.695295, 67.299078)
Class6: (-6.541985, -1.198188, 7.430148, 44.630502)
Class7: (-9.280842, -4.300216, 46.488745, 29.288042)
Class8: (-3.980921, 0.275785, 10.226732, 35.215233)
PartitionCoefficient: 0.387409 
Entropy: 1.340940 
PayOff: 614501.969780 

