NumberOfClasses: 7 
NumberOfVariables: 4 
NumberOfIteration: 43 
MaxError: 0.009931 
ClassCentroids:
Class1: (-9.238074, -2.206178, 4.868041, 65.901542)
Class2: (-9.473208, -4.336367, 42.981269, 30.092723)
Class3: (-3.879035, 1.448963, 21.393326, 25.578591)
Class4: (-7.555465, -1.260530, 69.779290, 18.400185)
Class5: (-7.834947, -1.704541, 6.344382, 51.825682)
Class6: (-4.834481, -0.431805, 7.784794, 39.900463)
Class7: (-9.026063, -2.675666, 19.980941, 38.952365)
PartitionCoefficient: 0.421607 
Entropy: 1.231131 
PayOff: 711783.497039 

